%% Implementación FxLMS completa, usando todos los decimales
J = 1; %Número de micrófonos de referencia
K = 1; %Número de salidas
M = 18; %Número de micrófonos de error
L = 400;  %Orden
N = 100000; % Número de muestras

%Camino secundario
%S11=random('unif',-1,1,L,1);
%S12=random('unif',-1,1,L,1);
Sys50cm1=[-0.00169172827377222 0.00239244965450072 -0.000345257811391150 0.00659118371989513 -0.000882358986863354 0.00733816617751173 -0.00211254651737075 0.00753308621201067 -0.00382894162551504 0.00939747351179790 -0.00788348157066524 0.0127026274239804 -0.0146661583164681 0.0179709998809040 -0.0245189999348905 0.0347919305238067 0.0399427183827511 -0.211582779498096 0.477562112235969 0.117708623228186 -0.122508860441353 -0.0581789690758360 0.157994913361355 0.128210812856113 0.109895187942214 -0.0838006266135094 -0.116404834722510 -0.262982042590576 -0.212956331788035 -0.171988317515085 -0.0346901440555333 -0.00511484754778462 0.00711968710100866 0.00168958354606347 -0.0793217924933242 -0.0642833396681967 -0.0696480010453685 -0.0598249482454093 -0.0313861477596547 0.00404661236705511 0.0550104639811470 0.0625192138744390 -0.00457006663296093 0.0448041275501886 0.0138065469792830 0.00836191722876025 0.0415141235340015 0.0680162926411173 0.0766540858962641 0.0240394055368359 -0.0333029869105751 -0.0540680910921958 -0.0368965805152754 0.0236865247766895 0.0293157491914350 0.0177588242201537 0.0965870802868159 0.0141369380076882 0.0285430774243080 -0.00770944476688558 0.0137164146081015 0.0145655945105332 0.0379710745388385 -0.00988348263938920 -0.0141517291455462 -0.00346771880494040 0.0398459373092685 0.00716810552272871 0.0679292402651174 0.0800578228514459 0.0168425639297728 0.0701373921874349 0.0631959909837704 0.0337086290153177 -0.0516938097880537 -0.0322218202727182 -0.0135706280019111 -0.0301866217832549 0.0197582104259766 -0.0305522072511723 0.0192000961418263 -0.0108710120905310 0.00449419589304731 -0.0266579670826475 -0.0349299973886588 -0.00371614325763396 -0.0288662994152515 -0.0489543059029328 0.0211407328162623 -0.0141325595829349 0.0554608519568255 0.0190155114444726 -0.0332006797858353 0.0169645458672948 -0.00777582371482935 -0.0202723068203904 -0.0490888998982896 -0.0389107451613087 -0.00540142610485065 -0.0332734904660592 -0.0317413435488575 -0.0291784510097683 0.0137208137478332 -0.00421670804648873 -0.0184301953817027 0.0329664981452681 -0.0204671113942062 -0.00755177995930217 -0.0199899410799871 0.0208976419400342 0.0128051092555475 0.0244058002041802 0.0551806827666144 0.0372011616213415 0.0120298352936545 0.0361885070491592 -0.00961848818601434 -0.0591274832727873 0.00555167827642995 0.0296206908703433 0.0131803218848606 0.0640550308183601 -0.0256890276058202 0.0191751131097203 0.00648883473792556 0.0209588634183593 -0.0407281816876373 -0.0432398813825055 -0.0327928147838850 -0.0567617859478000 -0.0803007353847206 -0.0230563195922571 0.00469588477073785 -0.00729863858969815 -0.00786521347075836 0.00356557987470108 -0.0105398024306498 0.00395671115892638 0.00767739658872826 0.00743386064746935 0.0366021499254750 -0.0137765501031806 0.000724098910184780 -0.0445571339319709 -0.0472050880824650 -0.0412334945062459 -0.00344744045685317 -0.0157991436133846 0.0100283313473324 0.0130194247096784 0.0172085180321220 0.0124385020884858 0.0134166546251240 -0.00464986757978104 0.0159816316678570 -0.0631480115962447 -0.0164278071509602 0.0117173442746186 -0.0318011018431095 0.0279383762347076 -0.0582627817345608 -0.00383065697198984 -0.0192982341282349 -0.0125675193648478 0.00122613241408304 -0.0248776340539936 -0.0310363990479524 -0.0147355340798057 -0.0561967380005605 0.0213977469541409 0.0219348995334558 0.0334050775836077 0.0223133592182011 0.0290095697518211 0.0711116171007973 0.0632956993680112 0.0551888013206106 0.0421004894856140 -0.0108633728126332 -0.00246890793897459 0.0110313305936881 0.00582579797766737 -0.000800474892473930 -0.0239605000932615 0.0197779299679076 -0.00706132810714857 -0.00493734263644614 0.0190019847462173 -0.00606827655305355 0.0461106139659019 -0.00498004915038576 -0.00997768739347292 -0.0118878797296707 -0.0199120755053545 0.0305116252016894 0.0238894196276176 0.0194462231635938 -0.00373627315281722 0.0519191436776743 0.0143484888787726 0.0487543600752266 0.0282750605382147 -0.00731234657314085 -0.00599863625559140 -0.0430941032711095 -0.00995049143587392 0.00406678697027657 -0.00134130063260957 -0.00240395015045175 -0.0258769838122923 0.0509087998472775 -0.00675299261053987 0.0185947111242795 -0.0138899979487363 0.0278064825564567 0.0383978604564883 0.0362977332295893 0.0542504003988155 0.00582007109320387 -0.0333389023175831 -0.0208256188469889 -0.0200118606872672 -0.0271177412609212 -0.000562120540465689 -0.0153132635854481 0.00106159440031266 -0.0683556467374672 -0.0328674747702667 0.0145842341599468 0.0220912269744059 0.00821458582721616 0.00751836062148784 0.00357586619938852 0.00409334558357938 -0.00408766457472422 -0.0225103951206455 -0.0401248329261303 -0.0134006604479263 -0.00673404543966395 -0.00854139429065415 0.00714654106608723 -0.0112098212671543 -0.0110523025768547 -0.00289563155037005 -0.0176653243390891 0.0336088438842978 0.00940626583791230 -0.00136744007818740 -0.00598334146639696 -0.00406365877734217 0.0161382281079570 0.0147098150947392 0.0117256490275026 0.0408747436356144 -0.0174402638586029 -0.0125818064130904 -0.0237994258567131 -0.0152427989949782 -0.0277480335664617 -0.0161623666857549 0.00369931038645459 -0.0275303481561169 0.0324385890933887 -0.0275791659249391 -0.0147826272338656 -0.0204657687364920 -0.0179337926654753 0.0184009726807719 0.0181486551273554 0.0174330402425750 0.0318797692526159 0.0173017868559334 0.000929331181290088 -0.0132430055356006 -0.0285131583155204 -0.0252874617219927 0.0117426663207470 -0.0107711729386961 -0.0161069494863527 -0.0273644596809006 -0.0222222225816708 -0.0245371278056118 -0.00505290310938922 0.0126908279141504 0.0132693763263522 -0.0273959617614566 -0.0100650542863221 -0.00602780302996566 -0.0266953734746966 -0.0151363926981791 0.0214333119877505 0.00628013869911437 -0.000810958818512798 0.0232559743392498 -0.00481510998868220 -0.0221748558637340 -0.0532985221894859 -0.0334711587006001 0.000408969370282615 -0.00173458452804295 0.0105727591004505 -0.00793504591072957 0.0106224173022209 -0.0170501542846596 -0.00269309092416240 0.00982233341330217 0.0341854839669049 0.0367324273544939 0.00688932072250843 0.0115563429328568 0.0265016257287317 0.0175747139893087 0.0536982156017701 0.0274049380395486 0.000908829824382800 -0.0161100376021101 -0.00390764085502439 -0.0240150059787872 -0.00659830404468158 -0.0214945709052798 0.000744481810559193 0.00267191823615880 -0.00756104752119468 -0.00437608217065654 -0.00411958152390367 0.0106258751104853 0.0234036186194870 -0.0125120444327405 0.0114425250047812 0.00276530168578847 0.00728392577924851 0.00425332374683685 0.00105839817406253 0.0267076496489864 0.0151288153258308 0.0383358191709856 0.00929071585118594 0.000933763838828269 0.0201868836190385 0.0247969773340962 0.0322715364280292 0.0129239387743476 -0.00159570519459267 -0.0144657202169537 -0.00342618828027679 -0.0133520285551252 -0.00769040604249871 0.00338860611124375 0.00784662996071136 0.00925517547450300 -0.0186362259464413 -0.00575733277912446 -0.0102974706295046 -0.00954917349397377 0.0167426122911194 0.00955154250444039 -0.0186214880094251 -0.000635175633559701 -0.0169822357861743 -0.0136049905952372 0.0185960683592147 -0.0106126007812432 0.00874423394185107 -0.00586911780870371 -0.0352669045528999 0.00472751145178208 0.0134048738515531 -0.0130341768185667 0.00654024313870321 -0.0102019954717447 0.0123585750488712 0.00732537904185869 0.0133142489021389 0.0136928632376454 0.00715323747381580 0.00431741220479025 -0.0271486074213431 0.00561606982190405 -0.0218748545089467 0.00544020542395695 0.00213785925884591 -0.00610317100690773 0.0126797678994442 0.00543603305619984 0.00973830172902536 0.0134747676856298 0.000354728553768332 